4:9999999999999.9:[0.01, 0.01, 0.08, 0.0]:GP
6:131950.0:[0.01206828, -0.00548473, 0.01223294, 0.01685244, 0.01310268, 0.02]:GP
8:59080.0:[0.00822819, 0.00957877, 0.01221291, -0.00296371, 0.01034858, 0.02039164, 0.00898104, 0.0]:GP
10:45556.0:[0.012569, 0.0058103, 0.0088448, 0.0202931, 0.0041897, 0.0118448, 0.0079138, 0.0046034, 0.0088448, -0.0]:GP
12:40133.0:[0.00560608, -0.00575883, 0.00873006, 0.00451189, 0.00957416, 0.00963844, 0.01269665, 0.00312898, 0.00916999, 0.02041278, 0.00168628, 0.0]:GP
14:37421.0:[0.01347055, -0.00490023, 0.01044649, 0.01074592, 0.01177294, -0.01049017, 0.0046375, 0.00890211, 0.00417745, -0.00576827, 0.01037779, 0.02044899, 0.01037376, -0.0]:GP
16:35343.108868681375:[0.011475764655525503, -0.0016893711639268797, 0.004895609120787543, -0.0033705723291982143, 0.010846177031113189, -0.009590316665966658, 0.013465251562894132, -0.0029434789542589893, 0.012555812903479966, 0.010606125616691607, 0.005946952537670743, -0.0036517386031187397, 0.010943124025731315, 0.019086426762431382, 0.0018442119491383147, 0.011807454447]:GP
18:24141045.28838226:[0.00020624498811178276, 0.00738138547966366, 0.013488537742034692, 0.0014244841244569657, 0.005838900639709474, -0.002955849959121382, 0.006332685525841084, -0.012551061748506634, 0.010603185977867018, 0.012968853659593766, 0.010133134582580909, -0.0100370953006466, 0.005998513828642642, 0.0015901587618883696, 0.004073419573491321, -0.005577276306439143, 0.009567489428343595, 0.0204526896892712]:CT
20:33521.0:[0.01224891, -0.00287053, 0.01113468, -0.00930955, 0.00676621, -0.00786518, 0.0121032, 0.01784849, 0.01283393, -0.01166094, 0.00727551, 0.00469773, 0.008581, -0.00239934, 0.00308138, -0.00277639, 0.00094062, 0.01674839, 0.01280834, 0.0]:GP
22:33144.22728272512:[0.011034210234350809, 0.01067014354795549, 0.009735856208029916, -0.007399881329235136, 0.010212035528478079, -0.007687855785392857, 0.009517063389810407, 0.0033077158391581368, 0.0036811596529810376, 0.020235783868154947, 0.005840406188717745, -0.0054414841989206255, 0.013497006585891733, -0.0027724774457923425, 0.0023042793799296466, -0.0015954289233935301, 0.005354869564009894, 0.009119026290111784, 0.005881404184899431, 0.006871408437242674, 0.011594528881114983, 0.01536447393]:GP
24:6481032.607467265:[0.0003625162697244596, -0.001422214134953451, 0.0020290247754836833, -0.0027071827578370867, 0.0072229821585488305, 0.0006595156630715884, 0.005027009278435822, -0.003881175692316275, 0.012889955509990895, -0.01144243574362781, 0.012004068553049446, 0.020602240469755385, 0.01286978110533735, 0.00826962148385764, 0.004883549294713268, 8.664870370122917e-05, 0.007613223719130736, 0.0025076473743075346, 0.009382129535117972, 0.0016610466795726683, 0.008619593638328206, 0.005625618538930162, 0.0057602045049292725, -0.012802363696145565]:CT