ID: 1
Model: RBF
==================
[0.012569, 0.0058103, 0.0088448, 0.0202931, 0.0041897, 0.0118448, 0.0079138, 0.0046034, 0.0088448, -0.0074655]

ID: 2
Model: RBF
==================
[0.001886703972082333, 0.018072670323750074, 0.0013426648236256195, -0.010931257674125238, 0.006613918798973557, -0.004394284647848877, 0.006756314303613141, 0.00032974964395723894, 0.00799792080030743, 0.01128721010348413]
[0.00604237145092925, 0.010944102192152892, -0.005862038997748191, -0.008118036812373396, -0.006746614711429093, -0.0011491233997891486, 0.00505235509805334, -0.009237308468264777, -0.005543261715700924, 0.018698519383007317]
[0.005471347513130255, 0.01746919576744039, 0.005916784948764957, 0.01012195384483806, -0.00802825852297191, 0.004015904957874265, -0.01048377326952201, 0.017545014418388086, 0.0071840221260018634, -0.011041921087365267]
[0.009157360063003307, 0.016233476596356145, -0.004215379894895838, -0.010819514971761096, -0.008839760058408896, 0.0019934259110170978, 0.004930572299830044, -0.005402608130991665, -0.004185437944317664, 0.014634689848145234]
[0.009698175476148388, 0.016522742004901045, -0.005355101222183358, -0.011058690552785386, 0.00893692746824823, -0.002368965023403039, 0.006756314303613141, -0.010538068269184, 0.00261118633549435, 0.011287540597207843]

ID: 3
Model: RBF
==================
[0.001886703972082333, 0.018072670323750074, 0.0013426648236256195, -0.010931257674125238, 0.006613918798973557, -0.004394284647848877, 0.006756314303613141, 0.00032974964395723894, 0.00799792080030743, 0.01128721010348413]
[0.006593506417991078, 0.01805640709469582, -0.0045679435039334875, -0.008231143368050338, -0.0068460456921113225, 0.008486826213008242, 0.004595980311060452, 0.009365295342975161, 0.006591535758192615, -0.011381551382553336]
[0.010754943955942883, 0.01812637241967963, -0.004156385614351322, 0.012129901724158697, -0.009972818131949439, 0.002160752548365107, 0.008988154238875784, -0.002544768474602775, -0.004668942551100327, -0.010087568038458191]
[0.0030176689812049552, 0.014258454457877162, -0.004996586071472684, -0.00944451773799511, -0.003927936921813325, 0.0009161813862206033, -0.007271096011563892, -0.002633343685596175, -0.005724402692884744, 0.015161054830387918]
[0.0020368539597433034, 0.01805640709469582, -0.0044636194396743085, 0.00979640762894512, -0.0067687104193009245, 0.001652390761433315, 0.004590295159548175, 0.007238157687946924, 0.006171845712113076, -0.011018046043328636]
[0.006994616142208943, 0.01805640709469582, -0.0044636194396743085, 0.01068494737106871, -0.009765801468891942, 0.009535503975456692, 0.004590057813722066, 0.007684810054373265, 0.0065946453923800925, -0.011018046043328636]

ID: 4
Model: RBF
==================
[0.0013489718293250102, 0.007875107364437464, 0.006981993366237051, 0.017177223648139606, -0.009653213218743475, 0.00884679333279412, 0.0047497901106978956, -0.010537417624371293, 0.007939350149886368, -0.0098290716615731, 0.008161133426064879, 0.018802171925628317, 0.010630355983062178, -0.01126350066212413, -0.0021541888009633083, -0.0002635705867745867, 0.006660865242503595, -0.010800976455554568, 0.007493732697616743, 0.018959027363262035]

ID: 5
Model: RBF
==================
[0.009679477545520097, -0.007470131089866808, 0.0008359263631939019, -0.009431152602775503, 0.01032101066780923, -0.008045497516275368, 0.004844045077222475, 0.010096984202035681, 0.004364415350496674, -0.01114265252500498, -0.0035240278169119147, 0.017740952610328566, -0.0038826433139648874, 0.009766671495348675, -0.005448833619452884, 0.01854582623253356, 0.005908386768364137, 0.0059558845765421645, 0.006500690230165437, 0.017599524939785057]

ID: 6
Model: RBF
==================
[-0.0036798196030207336, 0.016760226444383873, -0.0023127365156817917, 0.009442363949983372, 0.001324456195863513, -0.011102116359096446, -0.009299389682449881, -0.011409815266856995, -0.009589227458065046, 0.01838155659906486, -0.005439408626208444, 0.01681390716424179, -0.007729012531921673, -0.003956811794801462, -0.002180080409871278, 0.010344909533262529]

ID: 7
Model: LS
==================
[-0.0023127365156817917, 0.018883291911276703, -0.007172975333029784, -0.007646949657091061, -0.00802825852297191, 0.003922696053145349, 0.010143707272463033, 0.017152214292440928, 0.007405410836694201, -0.011041921087365267]

ID: 8
Model: LS
==================
[-0.0023127365156817917, 0.01787950711744171, -0.007172975333029784, -0.007646949657091061, -0.00802825852297191, 0.003922696053145349, -0.010526454283967644, 0.017413091442139268, 0.007196540365756114, -0.011041921087365267]

ID: 9
Model: LS
==================
[-0.0012781058235346865, 0.006213378202600146, 0.010774537568601514, -0.005280860130389783, -0.005882104930164145, -0.0034532056095380494, 0.005503793092555841, 0.0020971487463016234, -0.009655651418037911, 0.0035039261287246586]

ID: 10
Model: RBF
==================
[-0.0018255158965433723, 0.01024919609825067, -0.010997483754018413, 0.018545295360682876, 0.0014955553453413336, -0.008683672859551668, -0.009018513328930593, 0.0011866164046672324]
[-0.002776971110387876, -0.0020496011022277843, -0.010117234798595304, -0.004558149052252587, 0.004696479921069097, -0.0017953805885272517, 0.010565471065912074, 0.01679654320747965]
[-0.000897879392419457, 0.009596042760529513, -0.006037114265141347, 0.010351952323744997, 0.001313773605191134, -0.011313963352219125, -0.00941656584683129, 0.018683628426986076]

ID: 11
Model: CS
==================
[-0.004668942551100327, -0.007534128550392531, -0.010573926926853463, 0.009204483754666676, -0.006344181447998701, -0.0034008268891471006, -0.00018539049583255786, -0.009872442373929048]

ID: 12
Model: RBF
==================
[0.001886703972082333, 0.018072670323750074, 0.0013426648236256195, -0.010931257674125238, 0.006613918798973557, -0.004394284647848877, 0.006756314303613141, 0.00032974964395723894, 0.00799792080030743, 0.01128721010348413]
[-0.0021948633080400917, 0.018072670323750074, 0.004320936103253596, -0.010931257674125238, -0.00834005568776189, -0.004386818127821339, 0.006756314303613141, 0.00032974964395723894, 0.00799792080030743, 0.011872794398563773]
[-2.9559671300335814e-05, 0.011021712726384221, 0.0005919287645766071, -0.010589606591124262, 0.006540132192737804, -0.004456766270019177, 0.004381452441948762, 0.007054942798362173, 0.0068625585217686365, 0.018661384889965375]
[0.0002892772152234286, 0.017865284999468538, 0.00626664094244973, -0.010589606591124262, 0.00820589236678124, 0.008247566182164077, 0.004382260335879673, -0.009819654793530502, 0.006021110737859685, 0.01778380123161226]
[0.0030621462598067663, 0.015396628631612378, -0.003954382607211456, -0.008082520140576149, 0.008750487783020969, 0.0026582590848442263, 0.006759708444567916, -0.0046084934374960316, -0.0053815059169147585, 0.01447431091120574]

ID: 13
Model: GP
==================
[-0.0038138121610138843, 0.004575272118857082, 0.008490726184837039, -0.0006032723199237578, 0.008987773320235582, 0.007512483531649981, -0.01065193265737576, 0.01684783562918472, 0.004199732185372326, 0.018918346938770154]
[-0.0023127365156817917, 0.01787950711744171, -0.007172975333029784, -0.007646949657091061, -0.00802825852297191, 0.003922696053145349, -0.010526454283967644, 0.017413091442139268, 0.007196540365756114, -0.011041921087365267]

ID: 14
Model: CS
==================
[-0.0031744862383546162, -0.010966121565314357, -0.007875170639070662, -0.00934736505919304, -0.010489825526417324, -0.00032043553406579765, 0.007971617562436969, 0.008313119542823285, 0.004200727125455708, -0.005746577570863018]

ID: 15
Model: RBF
==================
[-0.007748808405030247, -0.008221429062264167, -0.006063125367456052, 0.010903912990483851, 0.001566101372406074, -0.011117042605146966, 0.000687341738011913, 0.01825233909616408, 0.0014982101622387275, -0.005299556342839791, 0.0020970574576980993, 0.016160596284514835]
[0.002000374231823189, -0.008234718341126258, -0.009381816053259833, -0.00946452206019679, 0.001142923270569658, 0.01418147775692151, -0.005688640109969419, 0.01792637558298209, 0.00039818321075400353, -0.004573916001605615, -0.008247311484726193, 0.01097470821732213]
[0.0021379182690856664, -0.008221634583643484, -0.005642140130802526, -0.009362530775508615, 0.001556139020961509, 0.01418147775692151, -0.005909109840444272, 0.018690975301548115, 0.0014963642204509416, -0.0037007549099097466, -0.008194765611312308, 0.011182062962807899]
[0.002000374231823189, -0.010352706365803554, -0.009100976401466959, -0.01094719104257225, 0.0011230979050841216, 0.013475927995976583, -0.005609564243305961, 0.017913799467096415, -0.007020432923876135, -0.0039042425358211895, -0.008210248845931016, 0.010957730379317132]
[0.0015392726171058564, -0.008234721974314772, -0.0044250484587072154, 0.010258988327838548, 0.0013193456406848485, -0.011117042605146966, -0.009410657899593644, 0.018978063657014932, 0.0028030668844085498, 0.0015782414835260623, -0.005810777442175171, 0.016743768761519794]
[0.002000374231823189, -0.008234718341126258, -0.009284960920296353, -0.009706384309491405, 0.001380369089586193, 0.014222462771337941, -0.003687991496109214, 0.01792637558298209, 0.0012544565542826872, -0.0037007549099097466, -0.008248030679267701, 0.01097470821732213]
[-0.007863693644013658, -0.00822161618383709, -0.006063125367456052, 0.010903912990483851, 0.001566101372406074, -0.011117042605146966, -0.01018995538191693, 0.01824051016069982, 0.0014982101622387275, -0.005155505900030841, -0.0055031962446353486, 0.01625515933728368]
[-0.009366536457556262, -0.00824297878456376, -0.005755696384164451, -0.011301452320226847, 0.0011544044626466002, -0.010454503149733469, -0.0067682576339551615, 0.018679888758095998, 0.0012569692352157893, 0.017017339303132106, -0.008192410033792069, 0.009658524334565677]
[-0.007940176644195532, -0.008220159619217932, -0.006034394550627197, 0.008969489400219055, 0.0016458942787271487, -0.011254531106666257, -0.005562598978308526, 0.01802714233148353, 0.0014982101622387275, 0.018905967186513023, -0.005448833619452884, 0.011157315938610454]
[-0.007485831260219211, -0.005230643870401541, -0.005685712767871023, -0.01024499874942782, 0.003029596962429214, -0.011251025238893065, -0.00949800969381975, 0.01826344046216496, -0.000274735647802761, 0.017932792919544124, -0.005448833619452884, 0.011184250953444368]
[-0.00787338912425688, -0.008222553106796324, -0.0017514445082494516, 0.008819509722328363, 0.0013242995345938838, -0.01020936389329789, -0.009231697727938826, 0.0178642298309208, 0.0015000394962478227, 0.018902571816157954, -0.005448754280604032, 0.010899538434149926]
[-0.007567591332340954, -0.008222615646864044, -0.005840217957041332, -0.009841188828698815, 0.0013604050632583457, 0.014787512175454992, -0.009827859112317091, 0.017920169831388947, -0.005886682685627715, -0.003579130726519785, -0.0003334180044885617, 0.011183809679218771]

ID: 16
Model: GP
==================
[-0.010562637055524496, -0.010700564900229562, -0.010377257263542519, -0.0039905624381071005, 0.007920614871023537, 0.004934347462420413, 0.0011620835310868494, 0.014181942216967974, -0.008268187067361954, -0.0029848977901602448, 0.001886703972082333, 0.018072670323750074]
[-0.010526454283967644, 0.017413091442139268, 0.007196540365756114, -0.011041921087365267, -0.007123682377348784, -0.001372060981811472, -0.008118069414159828, 0.013189466109860753, -0.003415793640967544, 0.017173278211167698, 0.0018043119588357602, 0.015304375524561244]
[-0.0040646143319017945, 0.015733105610017114, 0.00171285873625978, -0.005887688850362316, 0.006334443144161095, 0.0071669508998704855, -0.009813996014377435, 0.001315907240034532, 0.0039395144044394505, 0.01651735422831454, -0.010991155452390136, 0.01829115404544732]

ID: 17
Model: CS
==================
[-0.004668942551100327, -0.007534128550392531, -0.010573926926853463, 0.009204483754666676, -0.006344181447998701, -0.0034008268891471006, -0.00018539049583255786, -0.009872442373929048, 0.0016305873208242883, -0.00702477846537279, 0.0019647218118722526, 0.009842629980638399]

ID: 18
Model: RBF
==================
[-0.004450993169247151, 0.01661488313464492, 0.006895398982216756, -0.011384807185457287, -0.002745227030499983, 0.009356070629985907, 0.0023295638183457434, 0.010774868490678137, 0.009951372504147458, -0.009783479636189411, -0.006981273851862411, 0.010189735284345667, -0.002496084378057875, 0.018721898317410023]
[-0.005379680008817788, 0.0169009002749326, 0.006253420489151689, -0.011384442399253696, -0.007320757259846007, 0.010703487666823363, 0.00031375481910612697, 0.017654490682118003, 0.008030768809640697, -0.011489386657067445, -0.008872276587078745, -0.0046601032180485485, -0.003462675337569442, 0.012524778576955525]
[0.0029213856384526574, -0.009472935653768768, 0.006255662922944646, 0.010751853954410624, -0.007319879040865867, 0.016779257334849768, 0.005197932213886066, 0.009191578041974797, 0.010847214947325132, -0.011489830841728086, 0.010284640626095874, -0.0050536577103845945, 0.010971327340358578, 0.017401441125992765]

ID: 19
Model: GP
==================
[-0.0023127365156817917, 0.01787950711744171, -0.007172975333029784, -0.007646949657091061, -0.00802825852297191, 0.003922696053145349, -0.010526454283967644, 0.017413091442139268, 0.007196540365756114, -0.011041921087365267, -0.007123682377348784, -0.001372060981811472, -0.008118069414159828, 0.013189466109860753]

ID: 20
Model: CS
==================
[-0.0023127365156817917, 0.01787950711744171, -0.007172975333029784, -0.007646949657091061, -0.00802825852297191, 0.003922696053145349, -0.010526454283967644, 0.017413091442139268, 0.007196540365756114, -0.011041921087365267, -0.007123682377348784, -0.001372060981811472, -0.008118069414159828, 0.013189466109860753]

ID: 21
Model: RBF
==================
[-0.0036798196030207336, 0.016760226444383873, -0.0023127365156817917, 0.009442363949983372, 0.001324456195863513, -0.011102116359096446, -0.009299389682449881, -0.011409815266856995, -0.009589227458065046, 0.01838155659906486, -0.005439408626208444, 0.01681390716424179, -0.007729012531921673, -0.003956811794801462, -0.002180080409871278, 0.010344909533262529]

ID: 22
Model: GP
==================
[-0.0018192943479232067, 0.005540039767595425, -0.007911487350904857, -0.005457904582911197, 0.006616380510861806, 0.018031978059441626, -0.004104668080496658, 0.009615839777914078, 0.008280561350512843, 0.015785503236867345, -0.009129027349864885, -0.010308829111397088, -0.007263730769579484, 0.015283346354597101, -0.008836369655672898, 0.0013437825626540917]
[0.009375991387541981, 0.016521369786824985, -0.0023127365156817917, 0.01787950711744171, -0.007172975333029784, -0.007646949657091061, -0.00802825852297191, 0.003922696053145349, -0.010526454283967644, 0.017413091442139268, 0.007196540365756114, -0.011041921087365267, -0.007123682377348784, -0.001372060981811472, -0.008118069414159828, 0.013189466109860753]

ID: 23
Model: CS
==================
[-0.0004824048522077181, 0.0029571197601469187, 0.0066695935265117315, 0.011720694360419856, 0.008903095527559707, 0.015917869895464853, 0.006023819203899623, -0.0076652234711157225, 0.0026072984720658804, -0.011183890029275426, 0.0008498002166796338, -0.011407952323102311, 0.008422752568819143, 0.01611476202793473, 0.0065112727227299265, 0.0141171881901684]

ID: 24
Model: RBF
==================
[-0.0018255158965433723, 0.01024919609825067, -0.010997483754018413, 0.018545295360682876, 0.0014955553453413336, -0.008683672859551668, -0.009018513328930593, 0.0011866164046672324]
[-0.002776971110387876, -0.0020496011022277843, -0.010117234798595304, -0.004558149052252587, 0.004696479921069097, -0.0017953805885272517, 0.010565471065912074, 0.01679654320747965]
[-0.000897879392419457, 0.009596042760529513, -0.006037114265141347, 0.010351952323744997, 0.001313773605191134, -0.011313963352219125, -0.00941656584683129, 0.018683628426986076]

ID: 25
Model: RBF
==================
[-0.0018255158965433723, 0.01024919609825067, -0.010997483754018413, 0.018545295360682876, 0.0014955553453413336, -0.008683672859551668, -0.009018513328930593, 0.0011866164046672324]
[-0.002776971110387876, -0.0020496011022277843, -0.010117234798595304, -0.004558149052252587, 0.004696479921069097, -0.0017953805885272517, 0.010565471065912074, 0.01679654320747965]
[-0.000897879392419457, 0.009596042760529513, -0.006037114265141347, 0.010351952323744997, 0.001313773605191134, -0.011313963352219125, -0.00941656584683129, 0.018683628426986076]

