6: 1.3397E+06
=====================
[ 0.01344661 -0.0032412]   
[ 0.01085301  0.01679411]  
[ 0.01246174  0.02136052]


8: 5.908E+04
=====================
[ 0.00822819  0.00957877]  
[ 0.01221291 -0.00296371]  
[ 0.01034858  0.02039164]
[ 0.00898104  0.00572423]


10: 4.5556E+04
=====================
[ 0.012569,   0.0058103],
[ 0.0088448,  0.0202931],
[ 0.0041897,  0.0118448],
[ 0.0079138,  0.0046034],
[ 0.0088448, -0.0074655]


12: 4.7152E+04
=====================
[ 0.00744444 -0.00612094] 
[ 0.01284577  0.0016944]   
[ 0.0045182   0.0105462]
[ 0.00958792  0.01780396]  
[ 0.01224245  0.01650971]  
[ 0.00600773  0.00596335]


14: 3.9732E+04
=====================
[ 0.01032426 -0.01211422]  
[ 0.00946549  0.00133601]  
[ 0.01051979  0.00836926]
[ 0.0072342   0.00938672]  
[ 0.01349945  0.00188437]  
[ 0.00563166 -0.00204062]
[ 0.00837886  0.02031335]


16: 3.9659E+04
=====================
[ 1.34420634e-02  7.28587079e-04] 
[ 8.07039683e-04  1.03001247e-02]
[ 1.34394526e-02  1.66457182e-02] 
[ 6.60533521e-08 -9.59489248e-03]
[ 1.10102193e-02  9.64547030e-04]  
[ 6.83656787e-03  1.54934446e-02]
[ 9.99369117e-03 -4.40698721e-03]  
[ 1.21858052e-02  2.06664665e-02]


18: 3.4458E+04
=====================
[ 0.00657708  0.01780921]  
[ 0.00763947 -0.00949886]  
[ 0.0131501   0.01933254]
[ 0.00682256  0.01199052]  
[ 0.01279935  0.00698773]  
[ 0.00805595  0.00244865]
[ 0.00521325  0.00697888]  
[ 0.00753172 -0.00470816]  
[ 0.0131278  -0.00308641]


20: 3.8060E+04
=====================
[ 0.01349342  0.00674866]  
[ 0.00651804  0.02025967] 
[ 0.00238948 -0.00412368]
[ 0.00199898  0.01559744]  
[ 0.00827072  0.01538693]  
[ 0.01348614 -0.00549158]
[ 0.00441484 -0.0037801]   
[ 0.00801092 -0.01008847]  
[ 0.00824608  0.01191252]
[ 0.00844473 -0.00835777]


22: 4.5780E+04
=====================
[ 0.01151014  0.01532931]  
[ 0.01343454  0.01291104]  
[ 0.00832943 -0.00711102]
[ 0.01228722 -0.0070007]   
[ 0.00490784  0.00312808]  
[ 0.01107652  0.00209852]
[ 0.01112117  0.00084007]  
[ 0.00477373  0.01325081]  
[ 0.00932931  0.002281]
[ 0.00332245  0.0002745]   
[ 0.00060139  0.01441306]


24: 3.3245E+04
=====================
[ 0.00685337,  0.01545323],
[0.00898675, -0.00283324],  
[0.00484495,  0.01318929],
[0.00333211,  0.02028974],  
[0.01150837,  0.01917578],  
[0.0087487,  -0.01320415],
[0.00655277,  0.02035186],  
[0.0034017,  -0.00672692],  
[0.01337983, -0.01175997],
[0.01348977, -0.00687691],  
[0.00748002, -0.0057696],   
[0.01020413,  0.00946211]